1    张三    22    80    80    80    240
2    John    22    70    80    90    240
3    Sue    22    70    70    70    210
4    Jane    22    80    70    60    210
5    Joe_05    22    80    70    60    210
6    Joe_06    22    80    70    60    210
7    Joe_07    22    80    70    60    210
8    Joe_08    22    80    70    60    210
9    Joe_09    22    80    70    60    210
10    Joe_10    22    80    70    60    210
11    Joe_11    22    80    70    60    210
12    Joe_12    22    80    70    60    210
13    Joe_13    22    80    70    60    210
14    Joe_14    22    80    70    60    210
15    Joe_15    22    80    70    60    210
16    Joe_16    22    80    70    60    210
17    Joe_17    22    80    70    60    210
18    Joe_18    22    80    70    60    210
19    Joe_19    22    80    70    60    210
20    Joe_20    22    80    70    60    210
21    Joe_21    22    80    70    60    210
22    Joe_22    22    80    70    60    210
23    Joe_23    22    80    70    60    210
24    Joe_24    22    80    70    60    210
25    Joe_25    22    80    70    60    210
